0.3490658503988659 -0.3490658503988659
1.5707963267948966 -0.17453292519943295
1.5707963267948966 -0.17453292519943295
1.5707963267948966 -0.17453292519943295
0.17453292519943295 -0.17453292519943295
1.5707963267948966 -0.17453292519943295
1.5707963267948966 -0.17453292519943295
1.5707963267948966 -0.17453292519943295
0.3490658503988659 -0.3490658503988659
1.5707963267948966 -0.17453292519943295
1.5707963267948966 -0.17453292519943295
1.5707963267948966 -0.17453292519943295
0.5235987755982988 -0.5235987755982988
1.5707963267948966 -0.17453292519943295
1.5707963267948966 -0.17453292519943295
1.5707963267948966 -0.17453292519943295
1.2217304763960306 -0.8726646259971648
0.4363323129985824 -0.8726646259971648
1.5707963267948966 0.0
1.7453292519943295 0.0